#
# THIS FILE CONTAINS DEMO DATA FOR YASSO07
#
# THE CHANGES YOU MAKE HERE HAVE ONLY EFFECT AFTER YOU SAVE THE CHANGES
# 
# commented out rows begin with the # chacter
# numbers must be whitespace separated (space or tab)
# decimal separator is ., no thousands separator
#
[Initial state]
# Data as value pairs, mean and standard deviation, except for the size of
# woody litter mean only
# Mass as unit of mass, chemical composition as percentages of the total mass,
# size of woody litter as diameter in cm
# Data: mass, acid hydrolyzable, water soluble, ethanol soluble, non-soluble,
# humus, size of woody litter (diameter in cm)
# 
# Example: Soil organic carbon stock in a boreal Scots pine forest
97.9 0.0 0.09 0.0 0.01 0.0 0.02 0.0 0.45 0.0 0.43 0.0 0
24.1 0.0 0.15 0.0 0.02 0.0 0.01 0.0 0.65 0.0 0.18 0.0 10
# Example: Pinus sylvestris needles
# 1.0 0.0 0.49 0 0.16 0 0.10 0 0.25 0 0.0 0 0.0
# Example: Pinus sylvestris needles with standard deviation
# 1.0 0.0 0.49 0.019 0.16 0.033 0.10 0.014 0.25 0.027 0.0 0 0.0
# Example: Betula pendula leaves
# 1.0 0.0 0.38 0.0 0.27 0.0 0.06 0.0 0.29 0.0 0.0 0.0 0.0
# Example: Drypetes glauca leaves
# 1.0 0.0 0.3982 0.0 0.4023 0.0 0.0802 0.0 0.1091 0.0 0.0 0.0
# Example: Pinus sylvestris logs
# 1.0 0.0 0.47 0.0 0.020 0.0 0.087 0.0 0.42 0.0 0.0 0.0 15

[Constant soil carbon input]
# Data as value pairs, mean and standard deviation, except for the size of
# woody litter mean only
# Mass as unit of mass, chemical composition as percentages of the total mass,
# size of woody litter as diameter in cm
# Data: mass, acid hydrolyzable, water soluble, ethanol soluble, non-soluble,
# humus, size of woody litter (diameter in cm)
# 
# Example: Boreal Scots pine forest
1.72720671 0 0.51 0 0.13 0 0.13 0 0.23 0 0 0 0
1.215570002 0 0.66 0 0.015 0 0.015 0 0.31 0 0 0 2
0.369080846 0 0.69 0 0.005 0 0.005 0 0.3 0 0 0 10
0.608793229 0 0.56 0 0.15 0 0.15 0 0.14 0 0 0 0

[Monthly soil carbon input]
# Data as value pairs, mean and standard deviation, except for the size of
# woody litter mean only
# Mass as unit of mass, chemical composition as percentages of the total mass,
# size of woody litter as diameter in cm
# Data: month, mass, acid hydrolyzable, water soluble, ethanol soluble, 
# non-soluble, humus, size of woody litter (diameter in cm)
# 
# Example: dummy
1 0.16666666666667 0.1 0.3134 0.01 0.3715 0.01 0.0674 0.01 0.2477 0.01 0 0 0
2 0.18333333333333 0.1 0.3134 0.01 0.3715 0.01 0.0674 0.01 0.2477 0.01 0 0 0
3 0.20166666666667 0.1 0.3134 0.01 0.3715 0.01 0.0674 0.01 0.2477 0.01 0 0 0
4 0.22183333333333 0.1 0.3134 0.01 0.3715 0.01 0.0674 0.01 0.2477 0.01 0 0 0
5 0.24401666666667 0.1 0.3134 0.01 0.3715 0.01 0.0674 0.01 0.2477 0.01 0 0 0
6 0.26841833333333 0.1 0.3134 0.01 0.3715 0.01 0.0674 0.01 0.2477 0.01 0 0 0
7 0.29526016666667 0.1 0.3134 0.01 0.3715 0.01 0.0674 0.01 0.2477 0.01 0 0 0
8 0.32478618333333 0.1 0.3134 0.01 0.3715 0.01 0.0674 0.01 0.2477 0.01 0 0 0
9 0.35726480166667 0.1 0.3134 0.01 0.3715 0.01 0.0674 0.01 0.2477 0.01 0 0 0
9 0.26841833333333 0.1 0.3134 0.01 0.3715 0.01 0.0674 0.01 0.2477 0.01 0 0 5
10 0.39299128183333 0.1 0.3134 0.01 0.3715 0.01 0.0674 0.01 0.2477 0.01 0 0 0
11 0.43229041001667 0.1 0.3134 0.01 0.3715 0.01 0.0674 0.01 0.2477 0.01 0 0 0
12 0.47551945101833 0.1 0.3134 0.01 0.3715 0.01 0.0674 0.01 0.2477 0.01 0 0 0

[Yearly soil carbon input]
# Data as value pairs, mean and standard deviation, except for the size of
# woody litter mean only
# Mass as unit of mass, chemical composition as percentages of the total mass,
# size of woody litter as diameter in cm
# Data: year, mass, acid hydrolyzable, water soluble, 
# ethanol soluble, non-soluble, humus, size of woody litter (diameter in cm)
# 
# Example: forestry rotation period of a boreal Scots pine forest
0 1.72720671 0 0.51 0 0.13 0 0.13 0 0.23 0 0 0 0
0 1.215570002 0 0.66 0 0.015 0 0.015 0 0.31 0 0 0 2
0 0.369080846 0 0.69 0 0.005 0 0.005 0 0.3 0 0 0 10
0 0.608793229 0 0.56 0 0.15 0 0.15 0 0.14 0 0 0 0
1 3.883260226 0 0.51 0 0.13 0 0.13 0 0.23 0 0 0 0
1 26.81750068 0 0.66 0 0.015 0 0.015 0 0.31 0 0 0 2
1 9.742146922 0 0.69 0 0.005 0 0.005 0 0.3 0 0 0 10
1 0.505233333 0 0.56 0 0.15 0 0.15 0 0.14 0 0 0 0
2 0.071739045 0 0.51 0 0.13 0 0.13 0 0.23 0 0 0 0
2 0.016986509 0 0.66 0 0.015 0 0.015 0 0.31 0 0 0 2
2 0.001795609 0 0.69 0 0.005 0 0.005 0 0.3 0 0 0 10
2 0.50741942 0 0.56 0 0.15 0 0.15 0 0.14 0 0 0 0
3 0.082994222 0 0.51 0 0.13 0 0.13 0 0.23 0 0 0 0
3 0.019898543 0 0.66 0 0.015 0 0.015 0 0.31 0 0 0 2
3 0.002084276 0 0.69 0 0.005 0 0.005 0 0.3 0 0 0 10
3 0.509617325 0 0.56 0 0.15 0 0.15 0 0.14 0 0 0 0
4 0.096015231 0 0.51 0 0.13 0 0.13 0 0.23 0 0 0 0
4 0.023309873 0 0.66 0 0.015 0 0.015 0 0.31 0 0 0 2
4 0.002419351 0 0.69 0 0.005 0 0.005 0 0.3 0 0 0 10
4 0.511826769 0 0.56 0 0.15 0 0.15 0 0.14 0 0 0 0
5 0.111079113 0 0.51 0 0.13 0 0.13 0 0.23 0 0 0 0
5 0.027306121 0 0.66 0 0.015 0 0.015 0 0.31 0 0 0 2
5 0.002808293 0 0.69 0 0.005 0 0.005 0 0.3 0 0 0 10
5 0.514047469 0 0.56 0 0.15 0 0.15 0 0.14 0 0 0 0
6 0.128506375 0 0.51 0 0.13 0 0.13 0 0.23 0 0 0 0
6 0.031987595 0 0.66 0 0.015 0 0.015 0 0.31 0 0 0 2
6 0.003259764 0 0.69 0 0.005 0 0.005 0 0.3 0 0 0 10
6 0.516279146 0 0.56 0 0.15 0 0.15 0 0.14 0 0 0 0
7 0.14866781 0 0.51 0 0.13 0 0.13 0 0.23 0 0 0 0
7 0.037471808 0 0.66 0 0.015 0 0.015 0 0.31 0 0 0 2
7 0.003783815 0 0.69 0 0.005 0 0.005 0 0.3 0 0 0 10
7 0.518521517 0 0.56 0 0.15 0 0.15 0 0.14 0 0 0 0
8 0.171992383 0 0.51 0 0.13 0 0.13 0 0.23 0 0 0 0
8 0.043896429 0 0.66 0 0.015 0 0.015 0 0.31 0 0 0 2
8 0.004392115 0 0.69 0 0.005 0 0.005 0 0.3 0 0 0 10
8 0.520774303 0 0.56 0 0.15 0 0.15 0 0.14 0 0 0 0
9 0.198976361 0 0.51 0 0.13 0 0.13 0 0.23 0 0 0 0
9 0.051422742 0 0.66 0 0.015 0 0.015 0 0.31 0 0 0 2
9 0.005098208 0 0.69 0 0.005 0 0.005 0 0.3 0 0 0 10
9 0.523037221 0 0.56 0 0.15 0 0.15 0 0.14 0 0 0 0
10 0.230193871 0 0.51 0 0.13 0 0.13 0 0.23 0 0 0 0
10 0.060239694 0 0.66 0 0.015 0 0.015 0 0.31 0 0 0 2
10 0.005917817 0 0.69 0 0.005 0 0.005 0 0.3 0 0 0 10
10 0.525309992 0 0.56 0 0.15 0 0.15 0 0.14 0 0 0 0
11 0.266309112 0 0.51 0 0.13 0 0.13 0 0.23 0 0 0 0
11 0.06155431 0 0.66 0 0.015 0 0.015 0 0.31 0 0 0 2
11 0.006869189 0 0.69 0 0.005 0 0.005 0 0.3 0 0 0 10
11 0.527592333 0 0.56 0 0.15 0 0.15 0 0.14 0 0 0 0
12 0.308090493 0 0.51 0 0.13 0 0.13 0 0.23 0 0 0 0
12 0.07210892 0 0.66 0 0.015 0 0.015 0 0.31 0 0 0 2
12 0.007973509 0 0.69 0 0.005 0 0.005 0 0.3 0 0 0 10
12 0.529883965 0 0.56 0 0.15 0 0.15 0 0.14 0 0 0 0
13 0.356426978 0 0.51 0 0.13 0 0.13 0 0.23 0 0 0 0
13 0.084473603 0 0.66 0 0.015 0 0.015 0 0.31 0 0 0 2
13 0.009255365 0 0.69 0 0.005 0 0.005 0 0.3 0 0 0 10
13 0.532184605 0 0.56 0 0.15 0 0.15 0 0.14 0 0 0 0
14 0.730347 0 0.51 0 0.13 0 0.13 0 0.23 0 0 0 0
14 0.70295883 0 0.66 0 0.015 0 0.015 0 0.31 0 0 0 2
14 0.1483433 0 0.69 0 0.005 0 0.005 0 0.3 0 0 0 10
14 0.534493974 0 0.56 0 0.15 0 0.15 0 0.14 0 0 0 0
15 0.5860494 0 0.51 0 0.13 0 0.13 0 0.23 0 0 0 0
15 0.153051866 0 0.66 0 0.015 0 0.015 0 0.31 0 0 0 2
15 0.0155822 0 0.69 0 0.005 0 0.005 0 0.3 0 0 0 10
15 0.536811789 0 0.56 0 0.15 0 0.15 0 0.14 0 0 0 0
16 0.7597518 0 0.51 0 0.13 0 0.13 0 0.23 0 0 0 0
16 0.207144903 0 0.66 0 0.015 0 0.015 0 0.31 0 0 0 2
16 0.0204211 0 0.69 0 0.005 0 0.005 0 0.3 0 0 0 10
16 0.539137771 0 0.56 0 0.15 0 0.15 0 0.14 0 0 0 0
17 0.9334542 0 0.51 0 0.13 0 0.13 0 0.23 0 0 0 0
17 0.261237939 0 0.66 0 0.015 0 0.015 0 0.31 0 0 0 2
17 0.02526 0 0.69 0 0.005 0 0.005 0 0.3 0 0 0 10
17 0.541471637 0 0.56 0 0.15 0 0.15 0 0.14 0 0 0 0
18 1.1071566 0 0.51 0 0.13 0 0.13 0 0.23 0 0 0 0
18 0.315330975 0 0.66 0 0.015 0 0.015 0 0.31 0 0 0 2
18 0.0300989 0 0.69 0 0.005 0 0.005 0 0.3 0 0 0 10
18 0.543813108 0 0.56 0 0.15 0 0.15 0 0.14 0 0 0 0
19 1.280859 0 0.51 0 0.13 0 0.13 0 0.23 0 0 0 0
19 0.369424011 0 0.66 0 0.015 0 0.015 0 0.31 0 0 0 2
19 0.0349378 0 0.69 0 0.005 0 0.005 0 0.3 0 0 0 10
19 0.546161901 0 0.56 0 0.15 0 0.15 0 0.14 0 0 0 0
20 1.454169 0 0.51 0 0.13 0 0.13 0 0.23 0 0 0 0
20 0.45962922 0 0.66 0 0.015 0 0.015 0 0.31 0 0 0 2
20 0.04377624 0 0.69 0 0.005 0 0.005 0 0.3 0 0 0 10
20 0.548517737 0 0.56 0 0.15 0 0.15 0 0.14 0 0 0 0
21 1.627479 0 0.51 0 0.13 0 0.13 0 0.23 0 0 0 0
21 0.549834428 0 0.66 0 0.015 0 0.015 0 0.31 0 0 0 2
21 0.05261468 0 0.69 0 0.005 0 0.005 0 0.3 0 0 0 10
21 0.550880333 0 0.56 0 0.15 0 0.15 0 0.14 0 0 0 0
22 1.800789 0 0.51 0 0.13 0 0.13 0 0.23 0 0 0 0
22 0.640039637 0 0.66 0 0.015 0 0.015 0 0.31 0 0 0 2
22 0.06145312 0 0.69 0 0.005 0 0.005 0 0.3 0 0 0 10
22 0.55324941 0 0.56 0 0.15 0 0.15 0 0.14 0 0 0 0
23 1.974099 0 0.51 0 0.13 0 0.13 0 0.23 0 0 0 0
23 0.730244845 0 0.66 0 0.015 0 0.015 0 0.31 0 0 0 2
23 0.07029156 0 0.69 0 0.005 0 0.005 0 0.3 0 0 0 10
23 0.555624685 0 0.56 0 0.15 0 0.15 0 0.14 0 0 0 0
24 2.147409 0 0.51 0 0.13 0 0.13 0 0.23 0 0 0 0
24 0.820450054 0 0.66 0 0.015 0 0.015 0 0.31 0 0 0 2
24 0.07913 0 0.69 0 0.005 0 0.005 0 0.3 0 0 0 10
24 0.558005879 0 0.56 0 0.15 0 0.15 0 0.14 0 0 0 0
25 2.2405386 0 0.51 0 0.13 0 0.13 0 0.23 0 0 0 0
25 0.892189634 0 0.66 0 0.015 0 0.015 0 0.31 0 0 0 2
25 0.0889697 0 0.69 0 0.005 0 0.005 0 0.3 0 0 0 10
25 0.560392709 0 0.56 0 0.15 0 0.15 0 0.14 0 0 0 0
26 2.3336682 0 0.51 0 0.13 0 0.13 0 0.23 0 0 0 0
26 0.963929213 0 0.66 0 0.015 0 0.015 0 0.31 0 0 0 2
26 0.0988094 0 0.69 0 0.005 0 0.005 0 0.3 0 0 0 10
26 0.562784896 0 0.56 0 0.15 0 0.15 0 0.14 0 0 0 0
27 2.4267978 0 0.51 0 0.13 0 0.13 0 0.23 0 0 0 0
27 1.035668793 0 0.66 0 0.015 0 0.015 0 0.31 0 0 0 2
27 0.1086491 0 0.69 0 0.005 0 0.005 0 0.3 0 0 0 10
27 0.565182157 0 0.56 0 0.15 0 0.15 0 0.14 0 0 0 0
28 2.5199274 0 0.51 0 0.13 0 0.13 0 0.23 0 0 0 0
28 1.107408373 0 0.66 0 0.015 0 0.015 0 0.31 0 0 0 2
28 0.1184888 0 0.69 0 0.005 0 0.005 0 0.3 0 0 0 10
28 0.567584213 0 0.56 0 0.15 0 0.15 0 0.14 0 0 0 0
29 2.613057 0 0.51 0 0.13 0 0.13 0 0.23 0 0 0 0
29 1.179147953 0 0.66 0 0.015 0 0.015 0 0.31 0 0 0 2
29 0.1283285 0 0.69 0 0.005 0 0.005 0 0.3 0 0 0 10
29 0.569990781 0 0.56 0 0.15 0 0.15 0 0.14 0 0 0 0
30 2.6645922 0 0.51 0 0.13 0 0.13 0 0.23 0 0 0 0
30 1.235692672 0 0.66 0 0.015 0 0.015 0 0.31 0 0 0 2
30 0.13853509 0 0.69 0 0.005 0 0.005 0 0.3 0 0 0 10
30 0.572401582 0 0.56 0 0.15 0 0.15 0 0.14 0 0 0 0
31 2.7161274 0 0.51 0 0.13 0 0.13 0 0.23 0 0 0 0
31 0.902326842 0 0.66 0 0.015 0 0.015 0 0.31 0 0 0 2
31 0.14874168 0 0.69 0 0.005 0 0.005 0 0.3 0 0 0 10
31 0.574816333 0 0.56 0 0.15 0 0.15 0 0.14 0 0 0 0
32 2.7676626 0 0.51 0 0.13 0 0.13 0 0.23 0 0 0 0
32 0.941810159 0 0.66 0 0.015 0 0.015 0 0.31 0 0 0 2
32 0.15894827 0 0.69 0 0.005 0 0.005 0 0.3 0 0 0 10
32 0.577234755 0 0.56 0 0.15 0 0.15 0 0.14 0 0 0 0
33 2.8191978 0 0.51 0 0.13 0 0.13 0 0.23 0 0 0 0
33 0.981293475 0 0.66 0 0.015 0 0.015 0 0.31 0 0 0 2
33 0.16915486 0 0.69 0 0.005 0 0.005 0 0.3 0 0 0 10
33 0.579656565 0 0.56 0 0.15 0 0.15 0 0.14 0 0 0 0
34 5.165733 0 0.51 0 0.13 0 0.13 0 0.23 0 0 0 0
34 10.03077679 0 0.66 0 0.015 0 0.015 0 0.31 0 0 0 2
34 2.23901145 0 0.69 0 0.005 0 0.005 0 0.3 0 0 0 10
34 0.582081484 0 0.56 0 0.15 0 0.15 0 0.14 0 0 0 0
35 1.914258 0 0.51 0 0.13 0 0.13 0 0.23 0 0 0 0
35 0.701466948 0 0.66 0 0.015 0 0.015 0 0.31 0 0 0 2
35 0.12532524 0 0.69 0 0.005 0 0.005 0 0.3 0 0 0 10
35 0.584509229 0 0.56 0 0.15 0 0.15 0 0.14 0 0 0 0
36 1.958403 0 0.51 0 0.13 0 0.13 0 0.23 0 0 0 0
36 0.73271355 0 0.66 0 0.015 0 0.015 0 0.31 0 0 0 2
36 0.13348878 0 0.69 0 0.005 0 0.005 0 0.3 0 0 0 10
36 0.586939521 0 0.56 0 0.15 0 0.15 0 0.14 0 0 0 0
37 2.002548 0 0.51 0 0.13 0 0.13 0 0.23 0 0 0 0
37 0.763960151 0 0.66 0 0.015 0 0.015 0 0.31 0 0 0 2
37 0.14165232 0 0.69 0 0.005 0 0.005 0 0.3 0 0 0 10
37 0.589372077 0 0.56 0 0.15 0 0.15 0 0.14 0 0 0 0
38 2.046693 0 0.51 0 0.13 0 0.13 0 0.23 0 0 0 0
38 0.795206753 0 0.66 0 0.015 0 0.015 0 0.31 0 0 0 2
38 0.14981586 0 0.69 0 0.005 0 0.005 0 0.3 0 0 0 10
38 0.591806618 0 0.56 0 0.15 0 0.15 0 0.14 0 0 0 0
39 2.090838 0 0.51 0 0.13 0 0.13 0 0.23 0 0 0 0
39 0.826453355 0 0.66 0 0.015 0 0.015 0 0.31 0 0 0 2
39 0.1579794 0 0.69 0 0.005 0 0.005 0 0.3 0 0 0 10
39 0.594242861 0 0.56 0 0.15 0 0.15 0 0.14 0 0 0 0
40 2.1357678 0 0.51 0 0.13 0 0.13 0 0.23 0 0 0 0
40 0.859450793 0 0.66 0 0.015 0 0.015 0 0.31 0 0 0 2
40 0.16726019 0 0.69 0 0.005 0 0.005 0 0.3 0 0 0 10
40 0.596680527 0 0.56 0 0.15 0 0.15 0 0.14 0 0 0 0
41 2.1806976 0 0.51 0 0.13 0 0.13 0 0.23 0 0 0 0
41 0.892448232 0 0.66 0 0.015 0 0.015 0 0.31 0 0 0 2
41 0.17654098 0 0.69 0 0.005 0 0.005 0 0.3 0 0 0 10
41 0.599119333 0 0.56 0 0.15 0 0.15 0 0.14 0 0 0 0
42 2.2256274 0 0.51 0 0.13 0 0.13 0 0.23 0 0 0 0
42 0.92544567 0 0.66 0 0.015 0 0.015 0 0.31 0 0 0 2
42 0.18582177 0 0.69 0 0.005 0 0.005 0 0.3 0 0 0 10
42 0.601559 0 0.56 0 0.15 0 0.15 0 0.14 0 0 0 0
43 2.2705572 0 0.51 0 0.13 0 0.13 0 0.23 0 0 0 0
43 0.958443109 0 0.66 0 0.015 0 0.015 0 0.31 0 0 0 2
43 0.19510256 0 0.69 0 0.005 0 0.005 0 0.3 0 0 0 10
43 0.603999245 0 0.56 0 0.15 0 0.15 0 0.14 0 0 0 0
44 2.315487 0 0.51 0 0.13 0 0.13 0 0.23 0 0 0 0
44 0.991440547 0 0.66 0 0.015 0 0.015 0 0.31 0 0 0 2
44 0.20438335 0 0.69 0 0.005 0 0.005 0 0.3 0 0 0 10
44 0.606439789 0 0.56 0 0.15 0 0.15 0 0.14 0 0 0 0
45 2.3456364 0 0.51 0 0.13 0 0.13 0 0.23 0 0 0 0
45 1.018387872 0 0.66 0 0.015 0 0.015 0 0.31 0 0 0 2
45 0.21349032 0 0.69 0 0.005 0 0.005 0 0.3 0 0 0 10
45 0.608880349 0 0.56 0 0.15 0 0.15 0 0.14 0 0 0 0
46 2.3757858 0 0.51 0 0.13 0 0.13 0 0.23 0 0 0 0
46 1.045335196 0 0.66 0 0.015 0 0.015 0 0.31 0 0 0 2
46 0.22259729 0 0.69 0 0.005 0 0.005 0 0.3 0 0 0 10
46 0.611320646 0 0.56 0 0.15 0 0.15 0 0.14 0 0 0 0
47 2.4059352 0 0.51 0 0.13 0 0.13 0 0.23 0 0 0 0
47 1.072282521 0 0.66 0 0.015 0 0.015 0 0.31 0 0 0 2
47 0.23170426 0 0.69 0 0.005 0 0.005 0 0.3 0 0 0 10
47 0.613760397 0 0.56 0 0.15 0 0.15 0 0.14 0 0 0 0
48 2.4360846 0 0.51 0 0.13 0 0.13 0 0.23 0 0 0 0
48 1.099229845 0 0.66 0 0.015 0 0.015 0 0.31 0 0 0 2
48 0.24081123 0 0.69 0 0.005 0 0.005 0 0.3 0 0 0 10
48 0.616199323 0 0.56 0 0.15 0 0.15 0 0.14 0 0 0 0
49 4.444734 0 0.51 0 0.13 0 0.13 0 0.23 0 0 0 0
49 11.12167717 0 0.66 0 0.015 0 0.015 0 0.31 0 0 0 2
49 2.9767182 0 0.69 0 0.005 0 0.005 0 0.3 0 0 0 10
49 0.618637141 0 0.56 0 0.15 0 0.15 0 0.14 0 0 0 0
50 1.6308798 0 0.51 0 0.13 0 0.13 0 0.23 0 0 0 0
50 0.759415757 0 0.66 0 0.015 0 0.015 0 0.31 0 0 0 2
50 0.17004455 0 0.69 0 0.005 0 0.005 0 0.3 0 0 0 10
50 0.621073572 0 0.56 0 0.15 0 0.15 0 0.14 0 0 0 0
51 1.6581516 0 0.51 0 0.13 0 0.13 0 0.23 0 0 0 0
51 0.53269302 0 0.66 0 0.015 0 0.015 0 0.31 0 0 0 2
51 0.17716915 0 0.69 0 0.005 0 0.005 0 0.3 0 0 0 10
51 0.623508333 0 0.56 0 0.15 0 0.15 0 0.14 0 0 0 0
52 1.6854234 0 0.51 0 0.13 0 0.13 0 0.23 0 0 0 0
52 0.547782122 0 0.66 0 0.015 0 0.015 0 0.31 0 0 0 2
52 0.18429375 0 0.69 0 0.005 0 0.005 0 0.3 0 0 0 10
52 0.625941145 0 0.56 0 0.15 0 0.15 0 0.14 0 0 0 0
53 1.7126952 0 0.51 0 0.13 0 0.13 0 0.23 0 0 0 0
53 0.562871223 0 0.66 0 0.015 0 0.015 0 0.31 0 0 0 2
53 0.19141835 0 0.69 0 0.005 0 0.005 0 0.3 0 0 0 10
53 0.628371725 0 0.56 0 0.15 0 0.15 0 0.14 0 0 0 0
54 1.739967 0 0.51 0 0.13 0 0.13 0 0.23 0 0 0 0
54 0.577960325 0 0.66 0 0.015 0 0.015 0 0.31 0 0 0 2
54 0.19854295 0 0.69 0 0.005 0 0.005 0 0.3 0 0 0 10
54 0.630799794 0 0.56 0 0.15 0 0.15 0 0.14 0 0 0 0
55 1.7698548 0 0.51 0 0.13 0 0.13 0 0.23 0 0 0 0
55 0.594407181 0 0.66 0 0.015 0 0.015 0 0.31 0 0 0 2
55 0.20652263 0 0.69 0 0.005 0 0.005 0 0.3 0 0 0 10
55 0.633225069 0 0.56 0 0.15 0 0.15 0 0.14 0 0 0 0
56 1.7997426 0 0.51 0 0.13 0 0.13 0 0.23 0 0 0 0
56 0.610854036 0 0.66 0 0.015 0 0.015 0 0.31 0 0 0 2
56 0.21450231 0 0.69 0 0.005 0 0.005 0 0.3 0 0 0 10
56 0.635647271 0 0.56 0 0.15 0 0.15 0 0.14 0 0 0 0
57 1.8296304 0 0.51 0 0.13 0 0.13 0 0.23 0 0 0 0
57 0.627300892 0 0.66 0 0.015 0 0.015 0 0.31 0 0 0 2
57 0.22248199 0 0.69 0 0.005 0 0.005 0 0.3 0 0 0 10
57 0.638066117 0 0.56 0 0.15 0 0.15 0 0.14 0 0 0 0
58 1.8595182 0 0.51 0 0.13 0 0.13 0 0.23 0 0 0 0
58 0.643747747 0 0.66 0 0.015 0 0.015 0 0.31 0 0 0 2
58 0.23046167 0 0.69 0 0.005 0 0.005 0 0.3 0 0 0 10
58 0.640481328 0 0.56 0 0.15 0 0.15 0 0.14 0 0 0 0
59 1.889406 0 0.51 0 0.13 0 0.13 0 0.23 0 0 0 0
59 0.660194603 0 0.66 0 0.015 0 0.015 0 0.31 0 0 0 2
59 0.23844135 0 0.69 0 0.005 0 0.005 0 0.3 0 0 0 10
59 0.642892621 0 0.56 0 0.15 0 0.15 0 0.14 0 0 0 0
60 1.911969 0 0.51 0 0.13 0 0.13 0 0.23 0 0 0 0
60 0.674100974 0 0.66 0 0.015 0 0.015 0 0.31 0 0 0 2
60 0.2462138 0 0.69 0 0.005 0 0.005 0 0.3 0 0 0 10
60 0.645299717 0 0.56 0 0.15 0 0.15 0 0.14 0 0 0 0
61 1.934532 0 0.51 0 0.13 0 0.13 0 0.23 0 0 0 0
61 0.688007344 0 0.66 0 0.015 0 0.015 0 0.31 0 0 0 2
61 0.25398625 0 0.69 0 0.005 0 0.005 0 0.3 0 0 0 10
61 0.647702333 0 0.56 0 0.15 0 0.15 0 0.14 0 0 0 0
62 1.957095 0 0.51 0 0.13 0 0.13 0 0.23 0 0 0 0
62 0.701913715 0 0.66 0 0.015 0 0.015 0 0.31 0 0 0 2
62 0.2617587 0 0.69 0 0.005 0 0.005 0 0.3 0 0 0 10
62 0.65010019 0 0.56 0 0.15 0 0.15 0 0.14 0 0 0 0
63 1.979658 0 0.51 0 0.13 0 0.13 0 0.23 0 0 0 0
63 0.715820085 0 0.66 0 0.015 0 0.015 0 0.31 0 0 0 2
63 0.26953115 0 0.69 0 0.005 0 0.005 0 0.3 0 0 0 10
63 0.652493005 0 0.56 0 0.15 0 0.15 0 0.14 0 0 0 0
64 2.002221 0 0.51 0 0.13 0 0.13 0 0.23 0 0 0 0
64 0.729726456 0 0.66 0 0.015 0 0.015 0 0.31 0 0 0 2
64 0.2773036 0 0.69 0 0.005 0 0.005 0 0.3 0 0 0 10
64 0.654880499 0 0.56 0 0.15 0 0.15 0 0.14 0 0 0 0
65 2.0194212 0 0.51 0 0.13 0 0.13 0 0.23 0 0 0 0
65 0.741479514 0 0.66 0 0.015 0 0.015 0 0.31 0 0 0 2
65 0.28484271 0 0.69 0 0.005 0 0.005 0 0.3 0 0 0 10
65 0.657262389 0 0.56 0 0.15 0 0.15 0 0.14 0 0 0 0
66 2.0366214 0 0.51 0 0.13 0 0.13 0 0.23 0 0 0 0
66 0.753232571 0 0.66 0 0.015 0 0.015 0 0.31 0 0 0 2
66 0.29238182 0 0.69 0 0.005 0 0.005 0 0.3 0 0 0 10
66 0.659638396 0 0.56 0 0.15 0 0.15 0 0.14 0 0 0 0
67 2.0538216 0 0.51 0 0.13 0 0.13 0 0.23 0 0 0 0
67 0.764985629 0 0.66 0 0.015 0 0.015 0 0.31 0 0 0 2
67 0.29992093 0 0.69 0 0.005 0 0.005 0 0.3 0 0 0 10
67 0.662008237 0 0.56 0 0.15 0 0.15 0 0.14 0 0 0 0
68 2.0710218 0 0.51 0 0.13 0 0.13 0 0.23 0 0 0 0
68 0.776738687 0 0.66 0 0.015 0 0.015 0 0.31 0 0 0 2
68 0.30746004 0 0.69 0 0.005 0 0.005 0 0.3 0 0 0 10
68 0.664371633 0 0.56 0 0.15 0 0.15 0 0.14 0 0 0 0
69 3.769722 0 0.51 0 0.13 0 0.13 0 0.23 0 0 0 0
69 11.12399174 0 0.66 0 0.015 0 0.015 0 0.31 0 0 0 2
69 3.63459915 0 0.69 0 0.005 0 0.005 0 0.3 0 0 0 10
69 0.666728301 0 0.56 0 0.15 0 0.15 0 0.14 0 0 0 0
70 1.3710456 0 0.51 0 0.13 0 0.13 0 0.23 0 0 0 0
70 0.524302525 0 0.66 0 0.015 0 0.015 0 0.31 0 0 0 2
70 0.21072347 0 0.69 0 0.005 0 0.005 0 0.3 0 0 0 10
70 0.669077962 0 0.56 0 0.15 0 0.15 0 0.14 0 0 0 0
71 1.3870032 0 0.51 0 0.13 0 0.13 0 0.23 0 0 0 0
71 0.370084365 0 0.66 0 0.015 0 0.015 0 0.31 0 0 0 2
71 0.21652759 0 0.69 0 0.005 0 0.005 0 0.3 0 0 0 10
71 0.671420333 0 0.56 0 0.15 0 0.15 0 0.14 0 0 0 0
72 1.4029608 0 0.51 0 0.13 0 0.13 0 0.23 0 0 0 0
72 0.376938868 0 0.66 0 0.015 0 0.015 0 0.31 0 0 0 2
72 0.22233171 0 0.69 0 0.005 0 0.005 0 0.3 0 0 0 10
72 0.673755135 0 0.56 0 0.15 0 0.15 0 0.14 0 0 0 0
73 1.4189184 0 0.51 0 0.13 0 0.13 0 0.23 0 0 0 0
73 0.383793371 0 0.66 0 0.015 0 0.015 0 0.31 0 0 0 2
73 0.22813583 0 0.69 0 0.005 0 0.005 0 0.3 0 0 0 10
73 0.676082085 0 0.56 0 0.15 0 0.15 0 0.14 0 0 0 0
74 1.434876 0 0.51 0 0.13 0 0.13 0 0.23 0 0 0 0
74 0.390647874 0 0.66 0 0.015 0 0.015 0 0.31 0 0 0 2
74 0.23393995 0 0.69 0 0.005 0 0.005 0 0.3 0 0 0 10
74 0.678400904 0 0.56 0 0.15 0 0.15 0 0.14 0 0 0 0
75 1.4533842 0 0.51 0 0.13 0 0.13 0 0.23 0 0 0 0
75 0.398393407 0 0.66 0 0.015 0 0.015 0 0.31 0 0 0 2
75 0.24043001 0 0.69 0 0.005 0 0.005 0 0.3 0 0 0 10
75 0.680711309 0 0.56 0 0.15 0 0.15 0 0.14 0 0 0 0
76 1.4718924 0 0.51 0 0.13 0 0.13 0 0.23 0 0 0 0
76 0.40613894 0 0.66 0 0.015 0 0.015 0 0.31 0 0 0 2
76 0.24692007 0 0.69 0 0.005 0 0.005 0 0.3 0 0 0 10
76 0.683013021 0 0.56 0 0.15 0 0.15 0 0.14 0 0 0 0
77 1.4904006 0 0.51 0 0.13 0 0.13 0 0.23 0 0 0 0
77 0.413884473 0 0.66 0 0.015 0 0.015 0 0.31 0 0 0 2
77 0.25341013 0 0.69 0 0.005 0 0.005 0 0.3 0 0 0 10
77 0.685305757 0 0.56 0 0.15 0 0.15 0 0.14 0 0 0 0
78 1.5089088 0 0.51 0 0.13 0 0.13 0 0.23 0 0 0 0
78 0.421630006 0 0.66 0 0.015 0 0.015 0 0.31 0 0 0 2
78 0.25990019 0 0.69 0 0.005 0 0.005 0 0.3 0 0 0 10
78 0.687589238 0 0.56 0 0.15 0 0.15 0 0.14 0 0 0 0
79 1.527417 0 0.51 0 0.13 0 0.13 0 0.23 0 0 0 0
79 0.429375539 0 0.66 0 0.015 0 0.015 0 0.31 0 0 0 2
79 0.26639025 0 0.69 0 0.005 0 0.005 0 0.3 0 0 0 10
79 0.689863181 0 0.56 0 0.15 0 0.15 0 0.14 0 0 0 0
80 1.5426552 0 0.51 0 0.13 0 0.13 0 0.23 0 0 0 0
80 0.436125323 0 0.66 0 0.015 0 0.015 0 0.31 0 0 0 2
80 0.27269283 0 0.69 0 0.005 0 0.005 0 0.3 0 0 0 10
80 0.692127307 0 0.56 0 0.15 0 0.15 0 0.14 0 0 0 0
81 1.5578934 0 0.51 0 0.13 0 0.13 0 0.23 0 0 0 0
81 0.442875107 0 0.66 0 0.015 0 0.015 0 0.31 0 0 0 2
81 0.27899541 0 0.69 0 0.005 0 0.005 0 0.3 0 0 0 10
81 0.694381333 0 0.56 0 0.15 0 0.15 0 0.14 0 0 0 0
82 1.5731316 0 0.51 0 0.13 0 0.13 0 0.23 0 0 0 0
82 0.449624891 0 0.66 0 0.015 0 0.015 0 0.31 0 0 0 2
82 0.28529799 0 0.69 0 0.005 0 0.005 0 0.3 0 0 0 10
82 0.69662498 0 0.56 0 0.15 0 0.15 0 0.14 0 0 0 0
83 1.5883698 0 0.51 0 0.13 0 0.13 0 0.23 0 0 0 0
83 0.456374675 0 0.66 0 0.015 0 0.015 0 0.31 0 0 0 2
83 0.29160057 0 0.69 0 0.005 0 0.005 0 0.3 0 0 0 10
83 0.698857965 0 0.56 0 0.15 0 0.15 0 0.14 0 0 0 0
84 1.603608 0 0.51 0 0.13 0 0.13 0 0.23 0 0 0 0
84 0.463124459 0 0.66 0 0.015 0 0.015 0 0.31 0 0 0 2
84 0.29790315 0 0.69 0 0.005 0 0.005 0 0.3 0 0 0 10
84 0.701080009 0 0.56 0 0.15 0 0.15 0 0.14 0 0 0 0
85 1.6160994 0 0.51 0 0.13 0 0.13 0 0.23 0 0 0 0
85 0.468983212 0 0.66 0 0.015 0 0.015 0 0.31 0 0 0 2
85 0.30400727 0 0.69 0 0.005 0 0.005 0 0.3 0 0 0 10
85 0.703290829 0 0.56 0 0.15 0 0.15 0 0.14 0 0 0 0
86 1.6285908 0 0.51 0 0.13 0 0.13 0 0.23 0 0 0 0
86 0.474841966 0 0.66 0 0.015 0 0.015 0 0.31 0 0 0 2
86 0.31011139 0 0.69 0 0.005 0 0.005 0 0.3 0 0 0 10
86 0.705490146 0 0.56 0 0.15 0 0.15 0 0.14 0 0 0 0
87 1.6410822 0 0.51 0 0.13 0 0.13 0 0.23 0 0 0 0
87 0.480700719 0 0.66 0 0.015 0 0.015 0 0.31 0 0 0 2
87 0.31621551 0 0.69 0 0.005 0 0.005 0 0.3 0 0 0 10
87 0.707677677 0 0.56 0 0.15 0 0.15 0 0.14 0 0 0 0
88 1.6535736 0 0.51 0 0.13 0 0.13 0 0.23 0 0 0 0
88 0.486559473 0 0.66 0 0.015 0 0.015 0 0.31 0 0 0 2
88 0.32231963 0 0.69 0 0.005 0 0.005 0 0.3 0 0 0 10
88 0.709853143 0 0.56 0 0.15 0 0.15 0 0.14 0 0 0 0
89 1.666065 0 0.51 0 0.13 0 0.13 0 0.23 0 0 0 0
89 0.492418227 0 0.66 0 0.015 0 0.015 0 0.31 0 0 0 2
89 0.32842375 0 0.69 0 0.005 0 0.005 0 0.3 0 0 0 10
89 0.712016261 0 0.56 0 0.15 0 0.15 0 0.14 0 0 0 0

[Relative area change]
# Timestep, relative change in area
# 50 -0.3

[Constant climate]
# Data: mean temperature, precipitation, amplitude of monthly mean temperature
# variation
#
# Example: Boreal climate
3.8 822.0 11.4
# Example: Temperate climate
# 13.9 1720 5.1
# Example: Tropical climate
# 26.0 2860 0.6

[Monthly climate]
# Data: month, mean temperature, precipitation
#
# Example: Boreal climate
1 -7.3 44
2 -6.6 30
3 -3.1 26
4 2.5 35
5 8.6 42
6 13 64
7 15.5 83
8 13.8 87
9 9.1 71
10 3.7 52
11 -0.8 60
12 -4.1 49

[Yearly climate]
# Data: year, mean temperature, precipitation, amplitude of monthly mean 
# temperature variation
#
# Example: Boreal climate warming by 5 degrees C over 90 years
0 3.8 822 11.4
1 3.855555556 822 11.4
2 3.911111111 822 11.4
3 3.966666667 822 11.4
4 4.022222222 822 11.4
5 4.077777778 822 11.4
6 4.133333333 822 11.4
7 4.188888889 822 11.4
8 4.244444444 822 11.4
9 4.3 822 11.4
10 4.355555556 822 11.4
11 4.411111111 822 11.4
12 4.466666667 822 11.4
13 4.522222222 822 11.4
14 4.577777778 822 11.4
15 4.633333333 822 11.4
16 4.688888889 822 11.4
17 4.744444444 822 11.4
18 4.8 822 11.4
19 4.855555556 822 11.4
20 4.911111111 822 11.4
21 4.966666667 822 11.4
22 5.022222222 822 11.4
23 5.077777778 822 11.4
24 5.133333333 822 11.4
25 5.188888889 822 11.4
26 5.244444444 822 11.4
27 5.3 822 11.4
28 5.355555556 822 11.4
29 5.411111111 822 11.4
30 5.466666667 822 11.4
31 5.522222222 822 11.4
32 5.577777778 822 11.4
33 5.633333333 822 11.4
34 5.688888889 822 11.4
35 5.744444444 822 11.4
36 5.8 822 11.4
37 5.855555556 822 11.4
38 5.911111111 822 11.4
39 5.966666667 822 11.4
40 6.022222222 822 11.4
41 6.077777778 822 11.4
42 6.133333333 822 11.4
43 6.188888889 822 11.4
44 6.244444444 822 11.4
45 6.3 822 11.4
46 6.355555556 822 11.4
47 6.411111111 822 11.4
48 6.466666667 822 11.4
49 6.522222222 822 11.4
50 6.577777778 822 11.4
51 6.633333333 822 11.4
52 6.688888889 822 11.4
53 6.744444444 822 11.4
54 6.8 822 11.4
55 6.855555556 822 11.4
56 6.911111111 822 11.4
57 6.966666667 822 11.4
58 7.022222222 822 11.4
59 7.077777778 822 11.4
60 7.133333333 822 11.4
61 7.188888889 822 11.4
62 7.244444444 822 11.4
63 7.3 822 11.4
64 7.355555556 822 11.4
65 7.411111111 822 11.4
66 7.466666667 822 11.4
67 7.522222222 822 11.4
68 7.577777778 822 11.4
69 7.633333333 822 11.4
70 7.688888889 822 11.4
71 7.744444444 822 11.4
72 7.8 822 11.4
73 7.855555556 822 11.4
74 7.911111111 822 11.4
75 7.966666667 822 11.4
76 8.022222222 822 11.4
77 8.077777778 822 11.4
78 8.133333333 822 11.4
79 8.188888889 822 11.4
80 8.244444444 822 11.4
81 8.3 822 11.4
82 8.355555556 822 11.4
83 8.411111111 822 11.4
84 8.466666667 822 11.4
85 8.522222222 822 11.4
86 8.577777778 822 11.4
87 8.633333333 822 11.4
88 8.688888889 822 11.4
89 8.744444444 822 11.4

