#
# THIS FILE CONTAINS DEMO DATA FOR YASSO
# IT WILL BE AUTOMATICALLY OPENED EVERY TIME YOU START THE PROGRAM
#
# commented out rows begin with the # chacter
# numbers must be whitespace separated (space or tab)
# decimal separator is ., no thousands separator
#
[Initial state]
# mass, mass std, acid, acid std, water, water std, ethanol, ethanol std, 
# non soluble, non soluble std, humus, humus std, size class
2.0 0.1 0.3134 0.01 0.3715 0.01 0.0674 0.01 0.2477 0.01 0.0 0.0 0.0
2.0 0.1 0.6300 0.01 0.0300 0.01 0.0000 0.01 0.3300 0.01 0.0 0.0 10.0 

[Constant litterfall]
# mass, mass std, acid, acid std, water, water std, ethanol, ethanol std, 
# non soluble, non soluble std, humus, humus std, size class
2.0 0.1 0.3134 0.01 0.3715 0.01 0.0674 0.01 0.2477 0.01 0.0 0.0 0.0
#2.0 0.1 0.6300 0.01 0.0300 0.01 0.0000 0.01 0.3300 0.01 0.0 0.0 9.0

[Monthly litterfall]
# month, mass, mass std, acid, acid std, water, water std, ethanol, ethanol std, 
# non soluble, non soluble std, humus, humus std, size class
1 0.16666666666667 0.1 0.3134 0.01 0.3715 0.01 0.0674 0.01 0.2477 0.01 0 0 0
2 0.18333333333333 0.1 0.3134 0.01 0.3715 0.01 0.0674 0.01 0.2477 0.01 0 0 0
3 0.20166666666667 0.1 0.3134 0.01 0.3715 0.01 0.0674 0.01 0.2477 0.01 0 0 0
4 0.22183333333333 0.1 0.3134 0.01 0.3715 0.01 0.0674 0.01 0.2477 0.01 0 0 0
5 0.24401666666667 0.1 0.3134 0.01 0.3715 0.01 0.0674 0.01 0.2477 0.01 0 0 0
6 0.26841833333333 0.1 0.3134 0.01 0.3715 0.01 0.0674 0.01 0.2477 0.01 0 0 0
7 0.29526016666667 0.1 0.3134 0.01 0.3715 0.01 0.0674 0.01 0.2477 0.01 0 0 0
8 0.32478618333333 0.1 0.3134 0.01 0.3715 0.01 0.0674 0.01 0.2477 0.01 0 0 0
9 0.35726480166667 0.1 0.3134 0.01 0.3715 0.01 0.0674 0.01 0.2477 0.01 0 0 0
9 0.26841833333333 0.1 0.3134 0.01 0.3715 0.01 0.0674 0.01 0.2477 0.01 0 0 5
10 0.39299128183333 0.1 0.3134 0.01 0.3715 0.01 0.0674 0.01 0.2477 0.01 0 0 0
11 0.43229041001667 0.1 0.3134 0.01 0.3715 0.01 0.0674 0.01 0.2477 0.01 0 0 0
12 0.47551945101833 0.1 0.3134 0.01 0.3715 0.01 0.0674 0.01 0.2477 0.01 0 0 0

[Yearly litterfall]
# timestep, mass, mass std, acid, acid std, water, water std, ethanol, ethanol std, 
# non soluble, non soluble std, humus, humus std, size class
1 2.0 0.1 0.3134 0.01 0.3715 0.01 0.0674 0.01 0.2477 0.01 0 0 0
1 2.0 0.1 0.3134 0.01 0.3715 0.01 0.0674 0.01 0.2477 0.01 0 0 7
2 2.2 0.1 0.3134 0.01 0.3715 0.01 0.0674 0.01 0.2477 0.01 0 0 0
3 2.4 0.1 0.3134 0.01 0.3715 0.01 0.0674 0.01 0.2477 0.01 0 0 0
4 2.6 0.1 0.3134 0.01 0.3715 0.01 0.0674 0.01 0.2477 0.01 0 0 0
5 2.9 0.1 0.3134 0.01 0.3715 0.01 0.0674 0.01 0.2477 0.01 0 0 0
6 3.2 0.1 0.3134 0.01 0.3715 0.01 0.0674 0.01 0.2477 0.01 0 0 0
7 3.5 0.1 0.3134 0.01 0.3715 0.01 0.0674 0.01 0.2477 0.01 0 0 0
8 3.8 0.1 0.3134 0.01 0.3715 0.01 0.0674 0.01 0.2477 0.01 0 0 0
9 4.2 0.1 0.3134 0.01 0.3715 0.01 0.0674 0.01 0.2477 0.01 0 0 0
10 4.7 0.1 0.3134 0.01 0.3715 0.01 0.0674 0.01 0.2477 0.01 0 0 0
11 5.1 0.1 0.3134 0.01 0.3715 0.01 0.0674 0.01 0.2477 0.01 0 0 0
12 5.7 0.1 0.3134 0.01 0.3715 0.01 0.0674 0.01 0.2477 0.01 0 0 0

[Constant climate]
# mean temperature, precipitation, temperature variation amplitude
3.8 822.0 11.4

[Monthly climate]
# month (1-12), temperature, precipitation
1 -7.3 528
2 -6.6 360
3 -3.1 312
4 2.5 420
5 8.6 504
6 13 768
7 15.5 996
8 13.8 1044
9 9.1 852
10 3.7 624
11 -0.8 720
12 -4.1 588

[Yearly climate]
# mean temperature, precipitation, temperature variation amplitude
3.8 822 11.4
4.0 758.1 11.2
4.2 796.0 11.0
4.4 835.8 10.8
4.6 877.5 10.6
4.8 921.4 10.4
5.0 967.5 10.2
5.2 1015.9 10.0
5.4 1066.7 9.8
5.6 1120.0 9.6
5.8 1176.0 9.4
6.0 1234.8 9.2
